01010110
10111110
01100101
11111000
11010001
11011000
11110000
00000010
00110100
10100101
01110001
00011010
00111110
10001101
01100011
11000101
11100011
11111111
01111111
01000011
01100100
10011101
01011011
11100101
10110001
01111100
11010010
11001100
10000000
00110111
11001001
10110110
01101001
01001011
01111010
00001001
10010100
00111000
01011101
10111101
00000101
00000000
00011001
00101110
00101001
10011000
00011101
00101111
10101011
11001010
10100000
10000010
00000111
00010001
11101111
10101101
01001100
10010111
00100011
11111101
11101010
11100010
10000001
01000010
