10101101
00011010
11100101
01001100
10010111
00100011
11111101
01101001
10000010
00000111
11011000
00111110
10110001
01111100
11101010
00010001
01010110
10001101
11110000
00101001
01100011
10111110
00000010
11000101
01001011
10011000
11101111
00110100
01111010
10100101
00011101
11010010
01100101
10000001
11111000
00101111
01000010
10101011
00001001
11001100
01110001
10010100
11100011
00111000
01011101
10111101
00000101
11001010
00000000
11111111
10000000
01111111
00110111
11001001
01000011
10110110
00011001
11100010
01100100
10011101
00101110
11010001
01011011
10100000
